76.55 53.03
78.5904 53.4977
80.3115 54.3802
81.9008 55.7637
83.5054 57.7177
84.4549 58.8878
85.4044 60.0579
86.4783 61.5132
87.5522 62.9685
89.3719 63.5452
91.2537 64.0062
93.1367 64.4377
95.0636 64.7701
97.0106 65.0252
98.9645 65.2119
100.916 65.3382
102.856 65.4189
104.779 65.4692
106.681 65.4997
108.561 65.518
110.417 65.5311
112.252 65.5431
114.066 65.5523
115.86 65.557
117.635 65.5604
119.393 65.5677
121.137 65.5813
122.868 65.5991
124.589 65.6127
126.3 65.6159
128.002 65.6127
129.698 65.6108
131.388 65.6148
133.074 65.6239
134.756 65.6302
136.435 65.6277
138.111 65.6199
139.783 65.6137
141.451 65.6121
143.108 65.6168
144.763 65.6311
146.491 65.6648
148.469 65.7403
150.755 65.8912
153.13 66.1503
155.368 66.5501
157.442 67.1309
159.439 67.9398
161.446 69.005
163.532 70.2896
165.728 71.6768
167.966 73.0052
170.049 74.1131
171.824 74.9295
173.379 75.53
174.889 76.0197
176.431 76.4436
178.013 76.8095
179.631 77.1193
181.275 77.3771
182.94 77.5915
184.62 77.7715
186.309 77.9226
188.004 78.0471
189.703 78.1469
191.401 78.2245
193.099 78.2861
194.796 78.3363
196.489 78.3744
198.18 78.3982
199.868 78.4086
201.553 78.4116
203.234 78.418
204.915 78.43
206.6 78.431
208.291 78.4141
209.986 78.4097
211.682 78.455
213.384 78.5587
215.107 78.6959
216.874 78.8153
218.686 78.9279
220.499 79.1838
222.259 79.7297
223.937 80.5664
225.497 81.6534
226.855 83.0067
227.942 84.6416
228.77 86.4935
229.391 88.4684
229.865 90.4935
230.236 92.5227
230.52 94.536
230.721 96.5306
230.855 98.5164
230.946 100.509
231.029 102.523
231.126 104.57
231.231 106.653
231.319 108.766
231.367 110.895
231.359 113.018
231.289 115.108
231.163 117.138
230.999 119.084
230.817 120.93
230.644 122.693
230.521 124.468
230.557 126.446
230.961 128.684
231.894 131.006
233.248 133.29
234.77 135.547
236.356 137.746
238.049 139.813
239.904 141.722
241.954 143.463
244.15 144.978
246.282 146.183
248.158 147.065
249.841 147.75
251.487 148.383
253.142 149.05
254.771 149.793
256.327 150.63
257.747 151.589
259.279 152.48
259.964 153.976
260.648 155.471
261.117 157.068
261.587 158.665
261.521 160.333
261.456 162.001
260.728 163.5
260 165
260 165
