91.78 62.99
93.99 64.571
95.4894 64.7865
96.9889 65.0021
98.6026 65.1615
100.216 65.321
101.903 65.4097
103.59 65.4984
105.318 65.5076
107.045 65.5168
108.793 65.5282
110.538 65.5392
112.285 65.5499
114.032 65.5601
115.777 65.5693
117.519 65.5775
119.256 65.5847
120.989 65.5909
122.716 65.5961
124.436 65.6006
126.15 65.6048
127.857 65.6089
129.556 65.6138
131.248 65.6206
132.935 65.631
134.62 65.648
136.308 65.6756
138.003 65.7197
139.708 65.7874
141.425 65.886
143.154 66.0229
144.892 66.2043
146.632 66.4346
148.367 66.716
150.089 67.0488
151.793 67.431
153.471 67.8594
155.121 68.3287
156.742 68.8327
158.334 69.3643
159.903 69.916
161.452 70.4797
162.987 71.0476
164.517 71.6124
166.047 72.1682
167.579 72.7111
169.115 73.2379
170.655 73.7445
172.201 74.227
173.756 74.682
175.32 75.1069
176.896 75.5001
178.482 75.8611
180.08 76.1899
181.69 76.4873
183.31 76.7545
184.939 76.993
186.578 77.2044
188.224 77.3907
189.877 77.5541
191.537 77.6965
193.202 77.8204
194.872 77.9282
196.548 78.0218
198.228 78.1037
199.912 78.1769
201.602 78.2431
203.297 78.3009
204.998 78.3507
206.706 78.399
208.423 78.4499
210.152 78.4978
211.895 78.5468
213.652 78.6287
215.419 78.7815
217.192 79.0238
218.975 79.3491
220.777 79.7297
222.581 80.1857
224.316 80.8451
225.886 81.8352
227.204 83.1654
228.22 84.7742
228.946 86.5743
229.435 88.4863
229.773 90.4574
230.029 92.4576
230.232 94.4741
230.39 96.5014
230.514 98.5343
230.615 100.567
230.697 102.593
230.764 104.607
230.816 106.601
230.859 108.569
230.899 110.504
230.943 112.399
231.002 114.248
231.086 116.046
231.204 117.789
231.365 119.472
231.588 121.111
231.924 122.784
232.49 124.66
233.402 126.81
234.652 129.067
236.127 131.273
237.715 133.414
239.369 135.52
241.088 137.594
242.883 139.629
244.754 141.602
246.666 143.425
248.476 144.946
250.045 146.099
251.428 147.004
252.763 147.824
254.103 148.64
255.438 149.494
256.737 150.421
257.961 151.458
259.238 152.468
260.077 153.906
260.916 155.345
261.128 156.995
261.339 158.645
261.067 160.246
260.794 161.847
260.397 163.423
260 165
260 165
