0.000 0.000
0.020 1.005
0.080 2.010
0.179 3.015
0.319 4.020
0.497 5.025
0.716 6.030
0.973 7.035
1.269 8.040
1.604 9.045
1.977 10.050
2.388 11.055
2.837 12.060
3.322 13.065
3.845 14.070
4.403 15.075
4.997 16.080
5.625 17.085
6.288 18.090
6.984 19.095
7.714 20.101
8.475 21.106
9.268 22.111
10.092 23.116
10.945 24.121
11.828 25.126
12.738 26.131
13.676 27.136
14.640 28.141
15.629 29.146
16.642 30.151
17.679 31.156
18.738 32.161
19.818 33.166
20.918 34.171
22.038 35.176
23.175 36.181
24.329 37.186
25.498 38.191
26.682 39.196
27.880 40.201
29.089 41.206
30.310 42.211
31.539 43.216
32.778 44.221
34.023 45.226
35.275 46.231
36.531 47.236
37.791 48.241
39.053 49.246
40.316 50.251
41.578 51.256
42.839 52.261
44.097 53.266
45.351 54.271
46.600 55.276
47.842 56.281
49.077 57.286
50.302 58.291
51.517 59.296
52.720 60.302
53.911 61.307
55.088 62.312
56.250 63.317
57.396 64.322
58.524 65.327
59.634 66.332
60.725 67.337
61.794 68.342
62.842 69.347
63.868 70.352
64.869 71.357
65.846 72.362
66.796 73.367
67.721 74.372
68.617 75.377
69.485 76.382
70.324 77.387
71.132 78.392
71.909 79.397
72.655 80.402
73.368 81.407
74.048 82.412
74.694 83.417
75.305 84.422
75.881 85.427
76.421 86.432
76.925 87.437
77.392 88.442
77.822 89.447
78.214 90.452
78.568 91.457
78.884 92.462
79.161 93.467
79.398 94.472
79.597 95.477
79.756 96.482
79.875 97.487
79.955 98.492
79.995 99.497
79.995 100.503
79.955 101.508
79.875 102.513
79.756 103.518
79.597 104.523
79.398 105.528
79.161 106.533
78.884 107.538
78.568 108.543
78.214 109.548
77.822 110.553
77.392 111.558
76.925 112.563
76.421 113.568
75.881 114.573
75.305 115.578
74.694 116.583
74.048 117.588
73.368 118.593
72.655 119.598
71.909 120.603
71.132 121.608
70.324 122.613
69.485 123.618
68.617 124.623
67.721 125.628
66.796 126.633
65.846 127.638
64.869 128.643
63.868 129.648
62.842 130.653
61.794 131.658
60.725 132.663
59.634 133.668
58.524 134.673
57.396 135.678
56.250 136.683
55.088 137.688
53.911 138.693
52.720 139.698
51.517 140.704
50.302 141.709
49.077 142.714
47.842 143.719
46.600 144.724
45.351 145.729
44.097 146.734
42.839 147.739
41.578 148.744
40.316 149.749
39.053 150.754
37.791 151.759
36.531 152.764
35.275 153.769
34.023 154.774
32.778 155.779
31.539 156.784
30.310 157.789
29.089 158.794
27.880 159.799
26.682 160.804
25.498 161.809
24.329 162.814
23.175 163.819
22.038 164.824
20.918 165.829
19.818 166.834
18.738 167.839
17.679 168.844
16.642 169.849
15.629 170.854
14.640 171.859
13.676 172.864
12.738 173.869
11.828 174.874
10.945 175.879
10.092 176.884
9.268 177.889
8.475 178.894
7.714 179.899
6.984 180.905
6.288 181.910
5.625 182.915
4.997 183.920
4.403 184.925
3.845 185.930
3.322 186.935
2.837 187.940
2.388 188.945
1.977 189.950
1.604 190.955
1.269 191.960
0.973 192.965
0.716 193.970
0.497 194.975
0.319 195.980
0.179 196.985
0.080 197.990
0.020 198.995
0.000 200.000
