40.000 0.000
40.000 0.503
40.000 1.005
40.000 1.508
40.000 2.010
40.000 2.513
40.000 3.015
40.000 3.518
40.000 4.020
40.000 4.523
40.000 5.025
40.000 5.528
40.000 6.030
40.000 6.533
40.000 7.035
40.000 7.538
40.000 8.040
40.000 8.543
40.000 9.045
40.000 9.548
40.000 10.050
40.000 10.553
40.000 11.055
40.000 11.558
40.000 12.060
40.000 12.563
40.000 13.065
40.000 13.568
40.000 14.070
40.000 14.573
40.000 15.075
40.000 15.578
40.000 16.080
40.000 16.583
40.000 17.085
40.000 17.588
40.000 18.090
40.000 18.593
40.000 19.095
40.000 19.598
40.000 20.101
40.000 20.603
40.000 21.106
40.000 21.608
40.000 22.111
40.000 22.613
40.000 23.116
40.000 23.618
40.000 24.121
40.000 24.623
40.000 25.126
40.000 25.628
40.000 26.131
40.000 26.633
40.000 27.136
40.000 27.638
40.000 28.141
40.000 28.643
40.000 29.146
40.000 29.648
40.000 30.151
40.000 30.653
40.000 31.156
40.000 31.658
40.000 32.161
40.000 32.663
40.000 33.166
40.000 33.668
40.000 34.171
40.000 34.673
40.000 35.176
40.000 35.678
40.000 36.181
40.000 36.683
40.000 37.186
40.000 37.688
40.000 38.191
40.000 38.693
40.000 39.196
40.000 39.698
40.000 40.201
40.000 40.704
40.000 41.206
40.000 41.709
40.000 42.211
40.000 42.714
40.000 43.216
40.000 43.719
40.000 44.221
40.000 44.724
40.000 45.226
40.000 45.729
40.000 46.231
40.000 46.734
40.000 47.236
40.000 47.739
40.000 48.241
40.000 48.744
40.000 49.246
40.000 49.749
40.000 50.251
40.000 50.754
40.000 51.256
40.000 51.759
40.000 52.261
40.000 52.764
40.000 53.266
40.000 53.769
40.000 54.271
40.000 54.774
40.000 55.276
40.000 55.779
40.000 56.281
40.000 56.784
40.000 57.286
40.000 57.789
40.000 58.291
40.000 58.794
40.000 59.296
40.000 59.799
40.000 60.302
40.000 60.804
40.000 61.307
40.000 61.809
40.000 62.312
40.000 62.814
40.000 63.317
40.000 63.819
40.000 64.322
40.000 64.824
40.000 65.327
40.000 65.829
40.000 66.332
40.000 66.834
40.000 67.337
40.000 67.839
40.000 68.342
40.000 68.844
40.000 69.347
40.000 69.849
40.000 70.352
40.000 70.854
40.000 71.357
40.000 71.859
40.000 72.362
40.000 72.864
40.000 73.367
40.000 73.869
40.000 74.372
40.000 74.874
40.000 75.377
40.000 75.879
40.000 76.382
40.000 76.884
40.000 77.387
40.000 77.889
40.000 78.392
40.000 78.894
40.000 79.397
40.000 79.899
40.000 80.402
40.000 80.905
40.000 81.407
40.000 81.910
40.000 82.412
40.000 82.915
40.000 83.417
40.000 83.920
40.000 84.422
40.000 84.925
40.000 85.427
40.000 85.930
40.000 86.432
40.000 86.935
40.000 87.437
40.000 87.940
40.000 88.442
40.000 88.945
40.000 89.447
40.000 89.950
40.000 90.452
40.000 90.955
40.000 91.457
40.000 91.960
40.000 92.462
40.000 92.965
40.000 93.467
40.000 93.970
40.000 94.472
40.000 94.975
40.000 95.477
40.000 95.980
40.000 96.482
40.000 96.985
40.000 97.487
40.000 97.990
40.000 98.492
40.000 98.995
40.000 99.497
40.000 100.000
